Run semi-empirical minimization
 &qmmm
    qm_theory='AM1', grms_tol=0.0005,
 scfconv=1.d-10, ndiis_attempts=700,   qmcharge=0,
 /
   8   O1x       -3.0200        1.0620        0.3620 
   6   C1x       -2.0570        0.0340        0.2930 
   6   C2x       -0.9540        0.4120       -0.6940 
   7   N1x        0.0590       -0.5320       -0.8470 
   6   C3x        0.9790       -0.8610        0.1290 
   6   C4x        2.0010        0.1270        0.5460 
   8   O2x        2.8140        0.5060       -0.5230 
   1   H1x       -3.4130        1.1300       -0.5590 
   1   H2x       -2.5210       -0.9440        0.0450 
   1   H3x       -1.6760       -0.0860        1.3290 
   1   H4x       -1.4790        0.4760       -1.6910 
   1   H5x       -0.6800        1.4360       -0.4600 
   1   H6x       -0.0740       -1.2750       -1.5360 
   1   H7x        1.5680       -1.7510       -0.2390 
   1   H8x        0.4650       -1.2690        1.0340 
   1   H9x        1.6370        1.0690        0.9810 
   1  H10x        2.6770       -0.3320        1.2990 
   1  H11x        3.6740        0.7990       -0.1280 

