Run semi-empirical minimization
 &qmmm
    qm_theory='AM1', grms_tol=0.0005,
 scfconv=1.d-10, ndiis_attempts=700,   qmcharge=0,
 /
   8   O1x       -1.3440       -1.3060        0.1900 
   6   C1x       -1.1990       -0.1950       -0.6410 
   6   C2x       -0.1380        0.7070       -0.0840 
   8   O2x       -0.4650        1.1460        1.1840 
   6   C3x        1.2370        0.0760       -0.1350 
   8   O3x        1.3280       -1.0310        0.7140 
   1   H1x       -2.0740       -1.1600        0.8180 
   1   H2x       -2.1350        0.4110       -0.7020 
   1   H3x       -0.9680       -0.4990       -1.6680 
   1   H4x       -0.0720        1.6230       -0.7290 
   1   H5x        0.3630        1.3130        1.7300 
   1   H6x        2.0020        0.7980        0.2090 
   1   H7x        1.4740       -0.2340       -1.1710 
   1   H8x        1.9900       -1.6510        0.2860 

